Guest:  0,1426,1439,3
Guest:  1,1680,1681,3
Guest:  2,1754,1754,3
Guest:  3,1789,1789,3
Guest:  4,2028,2045,2
Guest:  5,2181,2182,2
Guest:  6,2217,2217,2
Guest:  7,2243,2243,2
Guest:  0,2623,2634,1
Guest:  1,2748,2748,1
Guest:  2,2779,2780,1
Guest:  4,2952,2953,1
Guest:  5,2989,2989,1
Guest:  3,2894,2901,2
Guest:  6,3059,3059,2
Guest:  7,3085,3085,2
Guest:  8,3107,3107,2
Guest:  9,3191,3200,3
Guest: 10,3253,3253,3
Guest: 11,3274,3274,3
Guest: 12,3293,3293,3
Guest: 13,3314,2823,1
Guest: 14,2860,5837,2
Guest: 15,5973,5155,3
Guest: 16,5234,3179,1
Guest: 17,3282,6138,2
Guest: 18,6202,5298,3
Guest: 19,5334,3778,1
Guest: 20,3890,6716,2
Guest: 21,6882,5515,3
Guest: 22,5561,4066,1
Guest: 23,4113,7036,2
Guest: 24,0,5613,3
Guest: 25,0,4221,1
